0.0
0.0
0.0
0.0
0.0
0.0
0.0
0.00042735042735042735
0.0
0.0008547008547008547
0.0
0.001282051282051282
0.0017094017094017094
0.002136752136752137
0.004700854700854701
0.006837606837606838
0.007692307692307693
0.008974358974358974
0.011965811965811967
0.01282051282051282
0.013675213675213675
0.018376068376068377
0.02264957264957265
0.021794871794871794
0.02606837606837607
0.029914529914529916
0.031196581196581197
0.02606837606837607
0.02905982905982906
0.029487179487179487
0.022222222222222223
0.03333333333333333
0.0405982905982906
0.042735042735042736
0.04188034188034188
0.0452991452991453
0.04957264957264957
0.04658119658119658
0.04401709401709402
0.04230769230769231
0.041025641025641026
0.028205128205128206
0.03333333333333333
0.02435897435897436
0.027777777777777776
0.021367521367521368
0.014957264957264958
0.011965811965811967
0.008547008547008548
0.004273504273504274
0.002136752136752137
0.004700854700854701
0.0017094017094017094
0.001282051282051282
0.001282051282051282
0.002564102564102564
0.0008547008547008547
0.002136752136752137
0.0
0.00042735042735042735
0.0008547008547008547
0.0
0.0
0.0
0.0
0.0
0.0
0.0
0.0
0.0
0.0
0.0
0.0
0.0
0.0
0.0
0.0
0.0
0.0
0.0
0.0
0.0
0.0008547008547008547
0.00042735042735042735
0.0008547008547008547
0.0008547008547008547
0.0
0.0017094017094017094
0.00042735042735042735
0.001282051282051282
0.0008547008547008547
0.0008547008547008547
0.0029914529914529917
0.0017094017094017094
0.0008547008547008547
0.002136752136752137
0.003418803418803419
0.003418803418803419
0.002564102564102564
0.0038461538461538464
0.0029914529914529917
0.002564102564102564
0.0017094017094017094
0.004700854700854701
0.0017094017094017094
0.0017094017094017094
0.002564102564102564
0.0017094017094017094
0.00042735042735042735
0.00042735042735042735
0.0
0.00042735042735042735
0.0
0.0
0.0
0.0
0.0
0.0
0.0
0.0
0.0
0.0
0.0
0.0
0.0
0.0
0.0
0.0
0.0
0.0
0.0
0.0
0.0
0.0
0.0
0.0
0.0
0.0
0.0
0.0
0.0
0.0
0.0
0.0
0.0
0.0
0.0
0.0
0.0
0.0