11.0198162401
10.9387299783
10.8561647993
10.9194937145
11.2000138717
11.2071395821
11.1666577783
11.1206341142
11.0157008789
10.8889651568
10.5726260041
10.4465354406
10.0751636339
9.74676515397
9.63681972344
9.38013346081
8.99117599863
8.80141561924
8.92857093936
9.16949756434
9.19700105496
9.04946438357
8.69246408594
8.6678927208
8.94410101121
9.23273409137
9.2508394407
9.26380198121
9.8265039318
10.2398133288
10.3112937378
10.5170115475
10.898578545
10.9039317134
10.7114047364
10.9008668398
10.9753187885
10.8184261842
10.9234543121
10.852293821
10.6925970992
10.6443276874
10.6960425463
10.585842954
10.139223774
9.7891679146
10.1751022133
10.5331262287
10.3546349359
9.74986805721
9.39680842587
9.54794596653
10.0675412855
10.4355960732
10.3042235507
10.0643432946
10.0889138781
10.4099404645
10.64825966
10.8849675717
11.1875088485
11.2620796349
11.142392532
11.1210922349
11.360757665
11.3839023284
11.2778954684
11.3238448246
11.280107914
11.5288032658
11.6934616605
11.2351540478
10.7838807177
10.434290504
10.1057194877
9.87351048064
10.2087674682
10.1187909654
9.75067485461
9.95655540324
10.2661451156
9.86999032108
9.70635810042
10.2073736613
10.454259322
10.4856579512
10.2751609831
10.123795889
10.4701424634
10.5841440374
10.2256309028
10.3715504065
10.9501617782
11.1468172107
10.826994854
10.555764845
10.8415964835
10.897675045
10.4953018175
10.3960498586
10.5849253904
10.4840085797
10.2643880373
10.1545786745
9.96634606827
9.68857583102
9.60207531574
9.43540969407
9.56344812206
9.75840732767
9.8909907456
10.0184975262
10.310547493
10.5947395498
10.3793065654
10.3655333781
10.6880772438
10.8102804435
10.7582847882
10.733398769
10.7249434773
10.4904385947
10.0924610356
9.94316739067
10.0160930634
10.0508590362
9.81324656659
9.82300072256
9.73612402589
9.93882475773
10.1074070747
10.1828911088
10.1712215804
10.145126076
10.1963801068
10.3276372859
10.5200533772
10.5691504849
10.4648326215
10.2702586292
10.2738629106
10.5085813048
10.5240817928
10.559287709
11.0493979892
11.4349511705
11.1848509608
10.5367438796
10.4431222185
10.6616433397
10.5432668706
10.1540966605
9.94127943101
9.86287609129
9.45136983012
9.36989025339
9.62363822179
9.49909765398
9.26843831139
9.38015542325
9.69657248414
9.87823430337
9.98663734355
9.99827426539
10.2087327317
10.3468788498
10.6118636112
10.7948650758
10.7956193474
10.73913236
10.4001410356
10.3276750227
10.6563778473
10.700501077
10.6768136659
10.7728367671
10.9046682602
10.6764024889
10.3204559397
9.96113162939
9.97368414714
10.4148726518
10.3241100178
9.69752368091
9.40925115872
9.34804097741
9.32444715426
9.39733643895
9.82112673011
9.92696431999
9.53602645467
9.34240017413
9.64634033382
10.0591198511
10.0434369772
9.73898336196
9.61138833509
9.91069479838
10.0832201379
10.2067301405
10.3828422304
10.2130052664
9.88949705022
10.3407485507
10.4654994595
10.2898183539
10.3517434166
10.4381528292
10.5490885106
10.7462570393
10.6287758403
10.2436507473
10.2531805718
10.8015087622
10.7079120173
10.1793372214
10.240015435
10.8039937436
10.7797653888
10.6626622939
10.6462132628
10.6233140272
10.1191076061
9.94944540389
10.171099686
10.1007446188
9.8840377301
9.9998361121
10.3947889415
10.1227167808
9.582276576
9.64573660721
10.2439146953
10.4369873884
9.94067792844